4294967294,0
4243767290,0
4294967293,164
4294967293,163
4294967293,162
4294967293,161
4294967293,160
4294967293,159
4294967293,158
4294967293,157
4294967293,156
4294967293,155
4294967293,154
4294967293,153
4294967293,152
4294967293,151
144,22
140,8
144,17
144,11
144,5
140,6
4294967293,150
4294967293,149
4294967278,132
4294967278,131
4294967278,130
4294967278,129
4294967278,128
4294967278,127
4294967278,126
4294967278,125
4294967278,124
4294967278,123
4294967278,122
4294967278,121
4294967278,120
4294967278,119
4294967278,118
4294967278,117
4294967278,116
4294967278,115
4294967278,114
4294967278,113
4294967278,112
4294967278,111
4294967278,110
4294967278,109
4294967278,108
4294967278,107
4294967278,106
4294967278,105
4294967278,104
4294967278,103
4294967278,102
4294967278,101
4294967278,100
4294967278,99
4294967278,98
4294967278,97
4294967278,96
4294967278,95
4294967278,94
4294967278,93
4294967278,92
4294967278,91
4294967278,90
4294967278,89
4294967278,87
4294967278,86
4294967278,85
4294967278,84
4294967278,83
4294967278,82
4294967278,81
4294967278,80
4294967278,79
4294967278,78
4294967278,77
4294967278,76
4294967278,75
4294967278,74
4294967278,73
4294967278,72
4294967278,71
4294967278,70
4294967278,69
4294967278,68
4294967278,67
4294967278,66
4294967278,65
4294967278,64
4294967278,63
4294967279,85
4294967279,84
4294967279,82
4294967279,76
4294967279,75
4294967279,70
4294967279,66
4294967279,61
4294967279,60
4294967279,53
4294967279,51
4294967279,48
4294967279,44
4294967279,42
4294967279,41
4294967279,40
4294967279,37
4294967279,33
4294967279,32
4294967279,29
4294967279,28
4294967279,24
4294967279,16
4294967279,14
4294967279,12
4294967279,10
4294967279,8
4294967279,7
4294967279,6
4294967279,5
4294967279,4
4294967293,148
4294967293,147
4294967293,146
4294967293,145
4294967293,144
4294967293,143
4294967293,142
4294967293,141
4294967293,140
4294967293,139
121,4
119,4
71,4
144,15
140,7
144,10
140,4
129,41
129,35
129,27
129,32
129,24
129,19
129,11
129,38
129,16
129,13
129,8
129,5
4294967293,138
4294967293,137
87,5
87,4
31,128
96,68
96,67
96,64
96,35
96,37
31,60
31,57
31,56
31,55
31,54
31,53
31,51
31,50
31,49
96,18
96,25
31,48
96,19
96,66
31,47
96,22
31,44
31,37
31,43
96,36
96,29
96,17
31,42
96,28
96,21
44,9
44,10
44,4
96,14
96,15
44,15
96,23
96,20
31,4
96,13
44,6
96,16
96,8
96,12
44,5
31,26
31,20
44,11
96,4
31,5
31,38
31,102
31,101
31,98
31,97
31,96
31,95
31,94
31,93
31,92
31,90
31,89
31,87
31,86
31,85
31,84
31,83
31,80
31,79
31,77
31,76
31,74
31,73
31,72
31,71
31,69
31,68
31,67
31,66
31,65
31,33
31,28
31,25
31,21
31,19
31,16
31,14
31,12
31,10
31,9
31,8
127,16
127,6
127,14
127,11
127,8
27,23
27,34
27,22
27,18
27,30
27,17
27,31
27,19
27,33
27,32
27,20
27,16
27,15
27,13
27,12
27,8
27,4
27,6
27,14
27,7
27,26
27,9
27,28
27,24
27,5
27,25
27,21
27,10
27,11
27,29
96,65
45,26
45,25
96,31
45,24
96,30
45,23
45,22
45,21
45,20
45,19
45,18
45,17
45,16
45,15
45,14
45,13
45,12
45,11
45,10
45,9
45,8
45,7
45,6
45,5
45,4
133,60
31,132
31,111
122,21
31,110
31,109
96,73
31,131
31,108
96,74
31,107
96,70
96,71
31,130
31,129
31,106
31,105
31,104
122,19
31,103
96,69
96,72
133,55
31,100
31,99
31,63
133,52
31,62
122,16
31,61
133,44
96,33
31,91
96,34
31,88
31,59
31,58
31,82
96,75
133,39
122,13
96,32
133,42
31,75
31,70
31,52
31,64
31,34
122,10
31,78
31,32
31,30
31,35
31,36
133,28
31,27
31,46
122,8
31,45
31,17
133,20
31,81
31,15
96,26
31,13
31,31
31,29
96,9
96,27
133,36
31,18
133,12
31,41
133,4
96,24
31,39
31,7
31,23
133,31
31,24
31,6
96,10
44,13
96,6
44,7
31,22
44,8
96,5
133,9
44,12
96,11
31,11
122,5
4294967294,42
0,7
126,5
0,5
4294967293,136
4294967293,135
4294967293,134
4294967293,133
4294967293,132
4294967293,131
4294967293,130
4294967293,129
4294967293,128
4294967293,127
4294967293,126
4294967293,125
4294967293,124
4294967293,123
4294967293,122
4294967293,121
4294967293,120
4294967293,119
4294967293,118
4294967293,117
4294967293,116
4294967293,115
4294967293,114
4294967293,113
4294967293,112
4294967293,111
4294967293,110
4294967293,109
4294967293,108
4294967293,107
4294967293,106
4294967293,105
4294967293,104
4294967293,103
4294967293,102
4294967293,101
4294967293,100
4294967293,99
4294967293,98
4294967293,97
4294967293,96
4294967293,95
4294967293,94
4294967293,93
4294967293,92
4294967293,91
4294967293,90
4294967293,89
4294967293,88
4294967293,87
4294967293,86
4294967293,85
4294967293,84
4294967293,83
4294967293,82
4294967293,81
4294967293,80
4294967293,79
4294967293,78
4294967293,77
4294967293,76
4294967293,75
4294967293,74
4294967293,73
4294967293,72
4294967293,71
4294967293,70
4294967293,69
4294967293,68
4294967293,67
4294967293,66
4294967293,65
4294967293,64
4294967293,63
4294967293,62
4294967293,61
4294967293,60
4294967293,59
4294967293,58
4294967293,57
4294967293,56
4294967293,55
4294967293,54
4294967293,53
4294967293,52
4294967293,51
4294967293,50
4294967293,49
4294967293,48
4294967293,47
4294967293,46
4294967293,45
4294967293,44
4294967293,43
4294967293,42
4294967293,41
4294967293,40
4294967293,39
4294967293,38
4294967293,37
4294967293,36
4294967293,35
4294967293,34
4294967293,33
4294967293,32
4294967293,31
4294967293,30
4294967293,29
4294967293,28
4294967293,27
4294967293,26
4294967293,25
4294967293,24
4294967293,23
4294967293,22
4294967293,21
4294967293,20
4294967293,19
4294967293,18
4294967293,17
4294967293,16
4294967293,15
4294967293,14
4294967293,13
4294967293,12
4294967293,11
4294967293,10
4294967293,9
4294967293,8
4294967293,7
4294967293,6
4294967293,5
4294967293,4
4294967293,3
4294967293,2
4243767289,0
4243767288,0
4243767287,0
4243767286,0
4243767285,0
4243767284,0
4243767283,0
4243767282,0
4243767281,0
4294967293,0
4294967279,190
4294967279,232
4294967279,202
4294967279,203
4294967279,87
4294967279,89
4294967279,204
4294967279,90
4294967279,443
4294967279,91
4294967279,147
4294967279,148
4294967279,205
4294967279,255
4294967279,206
4294967279,92
4294967279,207
4294967279,208
4294967279,93
4294967279,144
4294967279,94
4294967279,95
4294967279,308
4294967279,209
4294967279,150
4294967279,149
4294967279,210
4294967279,96
4294967279,211
4294967279,97
4294967279,212
4294967279,145
4294967279,98
4294967279,419
4294967279,99
4294967279,213
4294967279,214
4294967279,280
4294967279,217
4294967279,100
4294967279,215
4294967279,101
4294967279,216
4294967279,223
4294967279,221
4294967279,220
4294967279,102
4294967279,103
4294967279,222
4294967279,225
4294967279,219
